4.500000000000000000e+01
2.000000000000000000e+01
1.300000000000000000e+01
2.500000000000000000e+01
6.100000000000000000e+01
5.900000000000000000e+01
8.600000000000000000e+01
1.150000000000000000e+02
1.350000000000000000e+02
1.680000000000000000e+02
1.880000000000000000e+02
2.390000000000000000e+02
2.950000000000000000e+02
3.840000000000000000e+02
4.080000000000000000e+02
4.910000000000000000e+02
5.570000000000000000e+02
6.160000000000000000e+02
8.150000000000000000e+02
8.030000000000000000e+02
9.420000000000000000e+02
1.165000000000000000e+03
1.248000000000000000e+03
1.348000000000000000e+03
1.540000000000000000e+03
1.682000000000000000e+03
1.718000000000000000e+03
1.685000000000000000e+03
1.785000000000000000e+03
1.762000000000000000e+03
1.767000000000000000e+03
1.802000000000000000e+03
1.754000000000000000e+03
1.733000000000000000e+03
1.632000000000000000e+03
1.594000000000000000e+03
1.458000000000000000e+03
1.367000000000000000e+03
1.307000000000000000e+03
1.210000000000000000e+03
1.044000000000000000e+03
1.018000000000000000e+03
9.280000000000000000e+02
9.020000000000000000e+02
8.620000000000000000e+02
7.810000000000000000e+02
7.800000000000000000e+02
7.580000000000000000e+02
7.220000000000000000e+02
7.190000000000000000e+02
6.610000000000000000e+02
6.780000000000000000e+02
6.590000000000000000e+02
6.580000000000000000e+02
6.530000000000000000e+02
6.350000000000000000e+02
6.380000000000000000e+02
6.970000000000000000e+02
7.050000000000000000e+02
6.930000000000000000e+02
7.400000000000000000e+02
7.240000000000000000e+02
7.580000000000000000e+02
7.790000000000000000e+02
7.720000000000000000e+02
7.950000000000000000e+02
8.070000000000000000e+02
7.460000000000000000e+02
7.690000000000000000e+02
7.520000000000000000e+02
7.620000000000000000e+02
7.650000000000000000e+02
7.540000000000000000e+02
7.760000000000000000e+02
7.560000000000000000e+02
7.870000000000000000e+02
7.990000000000000000e+02
8.910000000000000000e+02
9.330000000000000000e+02
9.760000000000000000e+02
9.700000000000000000e+02
9.950000000000000000e+02
1.056000000000000000e+03
1.033000000000000000e+03
1.107000000000000000e+03
1.138000000000000000e+03
1.162000000000000000e+03
1.319000000000000000e+03
1.391000000000000000e+03
1.493000000000000000e+03
1.767000000000000000e+03
1.830000000000000000e+03
1.933000000000000000e+03
1.821000000000000000e+03
1.805000000000000000e+03
1.668000000000000000e+03
1.588000000000000000e+03
1.419000000000000000e+03
1.315000000000000000e+03
1.272000000000000000e+03
1.178000000000000000e+03
1.117000000000000000e+03
1.189000000000000000e+03
1.088000000000000000e+03
1.158000000000000000e+03
1.143000000000000000e+03
1.125000000000000000e+03
1.138000000000000000e+03
1.161000000000000000e+03
1.142000000000000000e+03
1.156000000000000000e+03
1.134000000000000000e+03
1.216000000000000000e+03
1.280000000000000000e+03
1.301000000000000000e+03
1.393000000000000000e+03
1.527000000000000000e+03
1.590000000000000000e+03
1.569000000000000000e+03
1.599000000000000000e+03
1.599000000000000000e+03
1.674000000000000000e+03
1.868000000000000000e+03
1.949000000000000000e+03
2.089000000000000000e+03
2.176000000000000000e+03
2.302000000000000000e+03
2.154000000000000000e+03
2.214000000000000000e+03
2.020000000000000000e+03
1.886000000000000000e+03
1.666000000000000000e+03
1.530000000000000000e+03
1.492000000000000000e+03
1.570000000000000000e+03
1.563000000000000000e+03
1.760000000000000000e+03
1.886000000000000000e+03
1.939000000000000000e+03
2.153000000000000000e+03
2.184000000000000000e+03
2.308000000000000000e+03
2.134000000000000000e+03
2.213000000000000000e+03
2.131000000000000000e+03
2.011000000000000000e+03
1.976000000000000000e+03
1.961000000000000000e+03
1.955000000000000000e+03
1.944000000000000000e+03
2.025000000000000000e+03
2.155000000000000000e+03
2.168000000000000000e+03
2.290000000000000000e+03
2.302000000000000000e+03
2.294000000000000000e+03
2.345000000000000000e+03
2.187000000000000000e+03
2.169000000000000000e+03
2.022000000000000000e+03
1.971000000000000000e+03
1.845000000000000000e+03
1.725000000000000000e+03
1.600000000000000000e+03
1.430000000000000000e+03
1.328000000000000000e+03
1.149000000000000000e+03
1.087000000000000000e+03
1.069000000000000000e+03
1.117000000000000000e+03
1.061000000000000000e+03
1.080000000000000000e+03
1.047000000000000000e+03
9.830000000000000000e+02
1.190000000000000000e+03
1.249000000000000000e+03
1.202000000000000000e+03
1.163000000000000000e+03
1.031000000000000000e+03
1.052000000000000000e+03
1.019000000000000000e+03
1.102000000000000000e+03
9.770000000000000000e+02
9.320000000000000000e+02
8.720000000000000000e+02
8.070000000000000000e+02
6.430000000000000000e+02
6.470000000000000000e+02
5.890000000000000000e+02
5.720000000000000000e+02
5.520000000000000000e+02
5.450000000000000000e+02
5.910000000000000000e+02
6.250000000000000000e+02
7.020000000000000000e+02
7.860000000000000000e+02
7.760000000000000000e+02
7.810000000000000000e+02
7.480000000000000000e+02
8.500000000000000000e+02
8.620000000000000000e+02
8.520000000000000000e+02
7.960000000000000000e+02
7.150000000000000000e+02
7.650000000000000000e+02
7.470000000000000000e+02
6.950000000000000000e+02
7.710000000000000000e+02
8.170000000000000000e+02
7.350000000000000000e+02
7.590000000000000000e+02
7.740000000000000000e+02
8.310000000000000000e+02
8.260000000000000000e+02
8.000000000000000000e+02
8.090000000000000000e+02
8.390000000000000000e+02
8.960000000000000000e+02
1.041000000000000000e+03
9.260000000000000000e+02
8.110000000000000000e+02
6.380000000000000000e+02
4.890000000000000000e+02
3.690000000000000000e+02
3.030000000000000000e+02
3.080000000000000000e+02
2.620000000000000000e+02
2.590000000000000000e+02
2.470000000000000000e+02
2.050000000000000000e+02
1.980000000000000000e+02
1.750000000000000000e+02
1.370000000000000000e+02
8.200000000000000000e+01
7.800000000000000000e+01
6.000000000000000000e+01
4.500000000000000000e+01
3.300000000000000000e+01
2.400000000000000000e+01
1.900000000000000000e+01
1.300000000000000000e+01
1.500000000000000000e+01
7.000000000000000000e+00
1.000000000000000000e+00
4.000000000000000000e+00
2.000000000000000000e+00
1.000000000000000000e+00
0.000000000000000000e+00
0.000000000000000000e+00
0.000000000000000000e+00
1.000000000000000000e+00
0.000000000000000000e+00
1.000000000000000000e+00
0.000000000000000000e+00
0.000000000000000000e+00
2.000000000000000000e+00
